1710668976759 0.7569166421890259 0
1710668985929 0.8867833614349365 1
1710668993741 0.9039833545684814 2
1710669001875 0.911633312702179 3
1710669009582 0.916866660118103 4
1710669017366 0.919783353805542 5
1710669026489 0.9229333400726318 6
1710669034149 0.9248999953269958 7
1710669042086 0.9267500042915344 8
1710669050310 0.9302666783332825 9
1710669058593 0.9313499927520752 10
1710669067635 0.9313666820526123 11
1710669075360 0.9318000078201294 12
1710669083585 0.9324333071708679 13
1710669092210 0.934249997138977 14
