1710668976759 0.7610180974006653 0
1710668985929 0.4136974811553955 1
1710668993741 0.3594413995742798 2
1710669001875 0.3292869031429291 3
1710669009582 0.3107970952987671 4
1710669017366 0.29361096024513245 5
1710669026489 0.28040552139282227 6
1710669034149 0.274713933467865 7
1710669042086 0.26685166358947754 8
1710669050310 0.2574481964111328 9
1710669058593 0.2504226267337799 10
1710669067635 0.2515081763267517 11
1710669075360 0.24969732761383057 12
1710669083585 0.24599672853946686 13
1710669092210 0.23926648497581482 14
