1710663509344 0.7118833065032959 0
1710663513142 0.8194000124931335 1
1710663516903 0.8376500010490417 2
1710663520697 0.843999981880188 3
1710663524509 0.8478666543960571 4
1710663528408 0.8530666828155518 5
1710663532312 0.8544833064079285 6
1710663536178 0.8591833114624023 7
1710663540009 0.8616666793823242 8
1710663543865 0.8613333106040955 9
1710663547689 0.8626833558082581 10
1710663551543 0.8643500208854675 11
1710663555758 0.8644000291824341 12
1710663559533 0.8651333451271057 13
1710663563453 0.8675833344459534 14
