1710663509344 0.8776023983955383 0
1710663513142 0.5767878890037537 1
1710663516903 0.5252218246459961 2
1710663520697 0.5045084357261658 3
1710663524509 0.49300718307495117 4
1710663528408 0.4785134196281433 5
1710663532312 0.4694277048110962 6
1710663536178 0.46300941705703735 7
1710663540009 0.45174694061279297 8
1710663543865 0.45019450783729553 9
1710663547689 0.44622862339019775 10
1710663551543 0.4409506916999817 11
1710663555758 0.43892452120780945 12
1710663559533 0.43700212240219116 13
1710663563453 0.4287089705467224 14
