1710665693255 0.8300666809082031 0
1710665698860 0.8965333104133606 1
1710665703540 0.9073500037193298 2
1710665708449 0.9124000072479248 3
1710665712871 0.9176833629608154 4
1710665717283 0.9200000166893005 5
1710665721869 0.9226999878883362 6
1710665726513 0.9223499894142151 7
1710665730824 0.9254666566848755 8
1710665735239 0.9267333149909973 9
1710665739798 0.9271833300590515 10
1710665744242 0.9289000034332275 11
1710665748707 0.9286500215530396 12
1710665753089 0.9304666519165039 13
1710665757788 0.9304166436195374 14
