1710665693255 0.6157087683677673 0
1710665698860 0.3631862998008728 1
1710665703540 0.3255577087402344 2
1710665708449 0.3050353527069092 3
1710665712871 0.2908364236354828 4
1710665717283 0.2828558087348938 5
1710665721869 0.27101102471351624 6
1710665726513 0.26790502667427063 7
1710665730824 0.26235130429267883 8
1710665735239 0.2548501193523407 9
1710665739798 0.2533339858055115 10
1710665744242 0.2495827078819275 11
1710665748707 0.24681203067302704 12
1710665753089 0.2432118058204651 13
1710665757788 0.24253180623054504 14
