1710660388854 0.9020833373069763 0
1710660393033 0.9505500197410583 1
1710660397225 0.9606999754905701 2
1710660401707 0.9660500288009644 3
1710660405997 0.9696166515350342 4
1710660410190 0.9728833436965942 5
1710660414450 0.974399983882904 6
1710660419099 0.9761166572570801 7
1710660423713 0.9783333539962769 8
1710660428019 0.9800666570663452 9
1710660432480 0.9793833494186401 10
1710660436870 0.9800833463668823 11
1710660441251 0.9816333055496216 12
1710660445599 0.9818166494369507 13
1710660449935 0.9829999804496765 14
