1710660388854 0.3300709128379822 0
1710660393033 0.16199588775634766 1
1710660397225 0.1283642053604126 2
1710660401707 0.10865846276283264 3
1710660405997 0.09643828868865967 4
1710660410190 0.08707303553819656 5
1710660414450 0.07952506840229034 6
1710660419099 0.07362992316484451 7
1710660423713 0.06906050443649292 8
1710660428019 0.0631139725446701 9
1710660432480 0.06254761666059494 10
1710660436870 0.05855858698487282 11
1710660441251 0.05567897483706474 12
1710660445599 0.0540071576833725 13
1710660449935 0.05084666237235069 14
