1710665158234 0.8874833583831787 0
1710665163907 0.9328333139419556 1
1710665168998 0.9455500245094299 2
1710665174495 0.9502999782562256 3
1710665180130 0.9543833136558533 4
1710665185382 0.957966685295105 5
1710665190597 0.9600499868392944 6
1710665195888 0.9623166918754578 7
1710665201137 0.9639166593551636 8
1710665207005 0.964900016784668 9
1710665212059 0.9666000008583069 10
1710665217858 0.9684833288192749 11
1710665223386 0.9689333438873291 12
1710665228972 0.9698166847229004 13
1710665234601 0.9712333083152771 14
