1710665158234 0.3772582709789276 0
1710665163907 0.22514578700065613 1
1710665168998 0.18479713797569275 2
1710665174495 0.16613565385341644 3
1710665180130 0.14905469119548798 4
1710665185382 0.13834400475025177 5
1710665190597 0.12908804416656494 6
1710665195888 0.12066168338060379 7
1710665201137 0.11656633764505386 8
1710665207005 0.11221465468406677 9
1710665212059 0.10516724735498428 10
1710665217858 0.10073639452457428 11
1710665223386 0.09736926853656769 12
1710665228972 0.09632063657045364 13
1710665234601 0.0925828069448471 14
