1710659830627 0.8545500040054321 0
1710659834298 0.9254833459854126 1
1710659837870 0.9391499757766724 2
1710659841383 0.9455666542053223 3
1710659845028 0.9488999843597412 4
1710659848544 0.9514666795730591 5
1710659852150 0.9555000066757202 6
1710659855866 0.9568833112716675 7
1710659859541 0.9575333595275879 8
1710659863147 0.9584833383560181 9
1710659866703 0.9609000086784363 10
1710659870305 0.9610499739646912 11
1710659873888 0.9605500102043152 12
1710659877373 0.9628333449363708 13
1710659880934 0.9633166790008545 14
