1710659830627 0.4791252315044403 0
1710659834298 0.24883924424648285 1
1710659837870 0.20358026027679443 2
1710659841383 0.18077948689460754 3
1710659845028 0.16649527847766876 4
1710659848544 0.15646833181381226 5
1710659852150 0.14517875015735626 6
1710659855866 0.14028319716453552 7
1710659859541 0.1375388503074646 8
1710659863147 0.13147816061973572 9
1710659866703 0.12440979480743408 10
1710659870305 0.12357090413570404 11
1710659873888 0.12183061987161636 12
1710659877373 0.11752215027809143 13
1710659880934 0.115592822432518 14
