1710669526934 0.8220999836921692 0
1710669534960 0.8938000202178955 1
1710669543626 0.9086166620254517 2
1710669553024 0.9174333214759827 3
1710669560555 0.9229166507720947 4
1710669568332 0.9266833066940308 5
1710669575811 0.9301833510398865 6
1710669583065 0.9333166480064392 7
1710669590152 0.934066653251648 8
1710669600857 0.9360166788101196 9
1710669608705 0.9380166530609131 10
1710669616300 0.937666654586792 11
1710669623211 0.9406166672706604 12
1710669630945 0.9403833150863647 13
1710669638805 0.9402666687965393 14
