1710669526934 0.5978102087974548 0
1710669534960 0.37162864208221436 1
1710669543626 0.3248802721500397 2
1710669553024 0.2953956723213196 3
1710669560555 0.2781134247779846 4
1710669568332 0.26497969031333923 5
1710669575811 0.2532920241355896 6
1710669583065 0.23992706835269928 7
1710669590152 0.23803822696208954 8
1710669600857 0.22924184799194336 9
1710669608705 0.21933120489120483 10
1710669616300 0.21995382010936737 11
1710669623211 0.21410760283470154 12
1710669630945 0.21499896049499512 13
1710669638805 0.21341946721076965 14
