1710668031403 0.574316680431366 0
1710668037393 0.7287999987602234 1
1710668043143 0.767216682434082 2
1710668049156 0.7837833166122437 3
1710668054770 0.7992833256721497 4
1710668060366 0.8041499853134155 5
1710668066665 0.8125166893005371 6
1710668073639 0.817883312702179 7
1710668079912 0.8178499937057495 8
1710668086214 0.8218333125114441 9
1710668092606 0.8199166655540466 10
1710668099026 0.8248999714851379 11
1710668105674 0.8246166706085205 12
1710668112618 0.8261500000953674 13
1710668118527 0.8272666931152344 14
