1710668031403 1.2007969617843628 0
1710668037393 0.8266901969909668 1
1710668043143 0.7471902370452881 2
1710668049156 0.7042983770370483 3
1710668054770 0.6680549383163452 4
1710668060366 0.6571220755577087 5
1710668066665 0.6378764510154724 6
1710668073639 0.6232620477676392 7
1710668079912 0.6215077638626099 8
1710668086214 0.6146907806396484 9
1710668092606 0.6145308017730713 10
1710668099026 0.5965864658355713 11
1710668105674 0.5990497469902039 12
1710668112618 0.5951995253562927 13
1710668118527 0.589214563369751 14
