1710660709237 0.9054166674613953 0
1710660713592 0.9468500018119812 1
1710660717955 0.9580000042915344 2
1710660722229 0.9633499979972839 3
1710660726500 0.9687666893005371 4
1710660730759 0.9715499877929688 5
1710660734992 0.9740166664123535 6
1710660739154 0.9757500290870667 7
1710660743355 0.9769833087921143 8
1710660747601 0.9775999784469604 9
1710660751886 0.9790999889373779 10
1710660756344 0.980733335018158 11
1710660760623 0.9816499948501587 12
1710660764868 0.9826499819755554 13
1710660768986 0.9827499985694885 14
