1710660709237 0.32442840933799744 0
1710660713592 0.17498016357421875 1
1710660717955 0.13684825599193573 2
1710660722229 0.11584644019603729 3
1710660726500 0.10220950841903687 4
1710660730759 0.0918775126338005 5
1710660734992 0.08271924406290054 6
1710660739154 0.07561758160591125 7
1710660743355 0.07115932554006577 8
1710660747601 0.06804769486188889 9
1710660751886 0.06388232111930847 10
1710660756344 0.05968470126390457 11
1710660760623 0.05725778639316559 12
1710660764868 0.05251295119524002 13
1710660768986 0.052185166627168655 14
