1710663793114 0.8085333108901978 0
1710663797501 0.8745333552360535 1
1710663801709 0.8841166496276855 2
1710663805791 0.8903833627700806 3
1710663809753 0.8934500217437744 4
1710663813664 0.8956666588783264 5
1710663817648 0.8983500003814697 6
1710663821741 0.9002000093460083 7
1710663825625 0.9006999731063843 8
1710663829480 0.9023833274841309 9
1710663833681 0.902899980545044 10
1710663838045 0.9050999879837036 11
1710663842128 0.9053666591644287 12
1710663846120 0.9066833257675171 13
1710663850145 0.9075666666030884 14
