1710663793114 0.681367814540863 0
1710663797501 0.43188589811325073 1
1710663801709 0.3976180851459503 2
1710663805791 0.37672337889671326 3
1710663809753 0.36515578627586365 4
1710663813664 0.35632771253585815 5
1710663817648 0.3473849892616272 6
1710663821741 0.34169629216194153 7
1710663825625 0.33952683210372925 8
1710663829480 0.33241692185401917 9
1710663833681 0.32954859733581543 10
1710663838045 0.3252973258495331 11
1710663842128 0.32044583559036255 12
1710663846120 0.32056596875190735 13
1710663850145 0.31569135189056396 14
