1710665862477 0.7731999754905701 0
1710665866899 0.8561499714851379 1
1710665871627 0.8696333169937134 2
1710665876064 0.8763999938964844 3
1710665880874 0.8794500231742859 4
1710665885414 0.8830000162124634 5
1710665889987 0.8868333101272583 6
1710665895259 0.8883666396141052 7
1710665900438 0.8895666599273682 8
1710665905483 0.8924166560173035 9
1710665910356 0.8949666619300842 10
1710665915173 0.8938999772071838 11
1710665920219 0.8967999815940857 12
1710665924986 0.8964499831199646 13
1710665929957 0.8970000147819519 14
