1710665862477 0.7779895067214966 0
1710665866899 0.5018904805183411 1
1710665871627 0.45819857716560364 2
1710665876064 0.4391152858734131 3
1710665880874 0.42343586683273315 4
1710665885414 0.4129571318626404 5
1710665889987 0.3999320864677429 6
1710665895259 0.3927820920944214 7
1710665900438 0.39075830578804016 8
1710665905483 0.381195992231369 9
1710665910356 0.37447136640548706 10
1710665915173 0.37536031007766724 11
1710665920219 0.3655616343021393 12
1710665924986 0.36641520261764526 13
1710665929957 0.36474481225013733 14
