1710663651410 0.843500018119812 0
1710663655185 0.9039999842643738 1
1710663659106 0.9124833345413208 2
1710663662836 0.9173333048820496 3
1710663666687 0.9207000136375427 4
1710663670593 0.9246666431427002 5
1710663674339 0.9253333210945129 6
1710663678233 0.9280499815940857 7
1710663682113 0.9295833110809326 8
1710663685765 0.9302666783332825 9
1710663689566 0.9316499829292297 10
1710663693446 0.9317166805267334 11
1710663697263 0.9320999979972839 12
1710663700969 0.9321666955947876 13
1710663704639 0.9333999752998352 14
