1710663651410 0.579014241695404 0
1710663655185 0.3344731628894806 1
1710663659106 0.2975376546382904 2
1710663662836 0.27959173917770386 3
1710663666687 0.26887911558151245 4
1710663670593 0.25684964656829834 5
1710663674339 0.2497713416814804 6
1710663678233 0.24127525091171265 7
1710663682113 0.23616833984851837 8
1710663685765 0.23242251574993134 9
1710663689566 0.2297188937664032 10
1710663693446 0.22809405624866486 11
1710663697263 0.22501292824745178 12
1710663700969 0.22506080567836761 13
1710663704639 0.2200440913438797 14
