1710660865814 0.8900833129882812 0
1710660870143 0.9307500123977661 1
1710660874480 0.9437999725341797 2
1710660878791 0.9490500092506409 3
1710660883125 0.9530500173568726 4
1710660887435 0.9571666717529297 5
1710660891748 0.9606166481971741 6
1710660896050 0.9612666964530945 7
1710660900410 0.9632499814033508 8
1710660904738 0.9641666412353516 9
1710660909098 0.9672999978065491 10
1710660913557 0.9668499827384949 11
1710660917849 0.9679666757583618 12
1710660922155 0.9690166711807251 13
1710660926482 0.9704999923706055 14
