1710660865814 0.37355053424835205 0
1710660870143 0.23061202466487885 1
1710660874480 0.1875024288892746 2
1710660878791 0.1640314757823944 3
1710660883125 0.15114302933216095 4
1710660887435 0.1385398656129837 5
1710660891748 0.12961484491825104 6
1710660896050 0.1224384754896164 7
1710660900410 0.11395342648029327 8
1710660904738 0.1126212403178215 9
1710660909098 0.10507619380950928 10
1710660913557 0.10435458272695541 11
1710660917849 0.0997607633471489 12
1710660922155 0.09859293699264526 13
1710660926482 0.09256769716739655 14
