1710664277265 0.888866662979126 0
1710664281623 0.9299166798591614 1
1710664286143 0.9409499764442444 2
1710664290906 0.9461833238601685 3
1710664296088 0.9504666924476624 4
1710664301030 0.9533833265304565 5
1710664305881 0.9548166394233704 6
1710664310524 0.9570500254631042 7
1710664314995 0.9570500254631042 8
1710664319450 0.9599000215530396 9
1710664324155 0.9598333239555359 10
1710664329149 0.961650013923645 11
1710664334065 0.9617000222206116 12
1710664338955 0.9634000062942505 13
1710664344003 0.9643833041191101 14
