1710664277265 0.4049399793148041 0
1710664281623 0.23565250635147095 1
1710664286143 0.19802431762218475 2
1710664290906 0.17770443856716156 3
1710664296088 0.1636895388364792 4
1710664301030 0.15650683641433716 5
1710664305881 0.14890433847904205 6
1710664310524 0.14213091135025024 7
1710664314995 0.1364443302154541 8
1710664319450 0.1303853690624237 9
1710664324155 0.13025729358196259 10
1710664329149 0.12358884513378143 11
1710664334065 0.12366070598363876 12
1710664338955 0.11711814254522324 13
1710664344003 0.11413266509771347 14
