1710659968030 0.8161166906356812 0
1710659971539 0.9014166593551636 1
1710659975070 0.916100025177002 2
1710659978617 0.9237499833106995 3
1710659982473 0.9299166798591614 4
1710659986296 0.9328333139419556 5
1710659989979 0.935616672039032 6
1710659993537 0.9382500052452087 7
1710659997097 0.9403333067893982 8
1710660000785 0.9415333271026611 9
1710660004462 0.9430666565895081 10
1710660007974 0.9424999952316284 11
1710660011600 0.9451500177383423 12
1710660015173 0.9458000063896179 13
1710660018849 0.9470333456993103 14
