1710659968030 0.5895276069641113 0
1710659971539 0.3324873149394989 1
1710659975070 0.28574711084365845 2
1710659978617 0.25379061698913574 3
1710659982473 0.23488616943359375 4
1710659986296 0.22541381418704987 5
1710659989979 0.21589535474777222 6
1710659993537 0.20478884875774384 7
1710659997097 0.19926655292510986 8
1710660000785 0.19572938978672028 9
1710660004462 0.18963417410850525 10
1710660007974 0.18883493542671204 11
1710660011600 0.18256017565727234 12
1710660015173 0.18005438148975372 13
1710660018849 0.17623211443424225 14
