1710664625909 0.8993666768074036 0
1710664630622 0.949400007724762 1
1710664635247 0.9594333171844482 2
1710664639859 0.9656500220298767 3
1710664644732 0.9688166379928589 4
1710664649279 0.9714166522026062 5
1710664653826 0.9742333292961121 6
1710664658391 0.975683331489563 7
1710664663015 0.9772666692733765 8
1710664667626 0.9786499738693237 9
1710664672266 0.979033350944519 10
1710664677119 0.9804999828338623 11
1710664681667 0.9813500046730042 12
1710664686052 0.9818500280380249 13
1710664690656 0.9824333190917969 14
