1710664625909 0.33541277050971985 0
1710664630622 0.16921259462833405 1
1710664635247 0.1333167850971222 2
1710664639859 0.11208188533782959 3
1710664644732 0.09805667400360107 4
1710664649279 0.08899997919797897 5
1710664653826 0.0802001953125 6
1710664658391 0.07234905660152435 7
1710664663015 0.07017244398593903 8
1710664667626 0.06503962725400925 9
1710664672266 0.0627983883023262 10
1710664677119 0.059162069112062454 11
1710664681667 0.05768628790974617 12
1710664686052 0.05332377552986145 13
1710664690656 0.053253237158060074 14
