1710667369970 0.9031166434288025 0
1710667377419 0.9445833563804626 1
1710667384556 0.9545833468437195 2
1710667392052 0.9603000283241272 3
1710667399312 0.9648500084877014 4
1710667406065 0.9689333438873291 5
1710667413114 0.9712333083152771 6
1710667419792 0.9739000201225281 7
1710667427215 0.9741666913032532 8
1710667434493 0.9758666753768921 9
1710667440967 0.9772999882698059 10
1710667447650 0.9785000085830688 11
1710667454415 0.9782999753952026 12
1710667461047 0.9793000221252441 13
1710667468865 0.9807166457176208 14
