1710667369970 0.33116188645362854 0
1710667377419 0.18306311964988708 1
1710667384556 0.1482878476381302 2
1710667392052 0.12913623452186584 3
1710667399312 0.11200132966041565 4
1710667406065 0.10303101688623428 5
1710667413114 0.09348662197589874 6
1710667419792 0.0865088626742363 7
1710667427215 0.08288105577230453 8
1710667434493 0.07833947986364365 9
1710667440967 0.07461012154817581 10
1710667447650 0.06928064674139023 11
1710667454415 0.06852828711271286 12
1710667461047 0.0639723688364029 13
1710667468865 0.060439582914114 14
