1710666059304 0.84538334608078 0
1710666065738 0.9238166809082031 1
1710666072557 0.9370666742324829 2
1710666078406 0.9433000087738037 3
1710666085182 0.9480833411216736 4
1710666091323 0.9509000182151794 5
1710666097789 0.9536833167076111 6
1710666103906 0.9557833075523376 7
1710666110419 0.9567166566848755 8
1710666117126 0.9580166935920715 9
1710666123953 0.9597833156585693 10
1710666130610 0.9595500230789185 11
1710666137210 0.961650013923645 12
1710666143246 0.9620000123977661 13
1710666149432 0.9628666639328003 14
