1710666059304 0.49911513924598694 0
1710666065738 0.25915440917015076 1
1710666072557 0.21360589563846588 2
1710666078406 0.1926252245903015 3
1710666085182 0.17577335238456726 4
1710666091323 0.16602739691734314 5
1710666097789 0.1561506986618042 6
1710666103906 0.14892449975013733 7
1710666110419 0.14425741136074066 8
1710666117126 0.1384987235069275 9
1710666123953 0.13390576839447021 10
1710666130610 0.13584673404693604 11
1710666137210 0.12794606387615204 12
1710666143246 0.12686046957969666 13
1710666149432 0.12296327948570251 14
