1710670703969 0.8698499798774719 0
1710670713147 0.9209499955177307 1
1710670721972 0.934166669845581 2
1710670730992 0.9408166408538818 3
1710670739715 0.9449333548545837 4
1710670748733 0.9488666653633118 5
1710670756876 0.952049970626831 6
1710670766222 0.9542333483695984 7
1710670775081 0.9569166898727417 8
1710670785866 0.9581833481788635 9
1710670794958 0.9603999853134155 10
1710670803479 0.9609166383743286 11
1710670812511 0.9631833434104919 12
1710670820806 0.9625166654586792 13
1710670832440 0.9640166759490967 14
