1710670703969 0.43254557251930237 0
1710670713147 0.2708140015602112 1
1710670721972 0.22935442626476288 2
1710670730992 0.20430022478103638 3
1710670739715 0.19070306420326233 4
1710670748733 0.17641636729240417 5
1710670756876 0.16711898148059845 6
1710670766222 0.15877185761928558 7
1710670775081 0.1498626321554184 8
1710670785866 0.14387312531471252 9
1710670794958 0.137436643242836 10
1710670803479 0.13419094681739807 11
1710670812511 0.12875528633594513 12
1710670820806 0.12914951145648956 13
1710670832440 0.12174176424741745 14
