1710664975631 0.9038166403770447 0
1710664980519 0.9446333050727844 1
1710664985568 0.9571833610534668 2
1710664990384 0.9624833464622498 3
1710664995313 0.9666000008583069 4
1710665000877 0.9702000021934509 5
1710665006102 0.9721666574478149 6
1710665011301 0.9757333397865295 7
1710665016701 0.9760500192642212 8
1710665021915 0.9779000282287598 9
1710665027381 0.9792333245277405 10
1710665032754 0.9796333312988281 11
1710665037854 0.98048335313797 12
1710665042774 0.9815333485603333 13
1710665047827 0.9832500219345093 14
