1710664975631 0.33041924238204956 0
1710664980519 0.181452214717865 1
1710664985568 0.14074000716209412 2
1710664990384 0.12067189812660217 3
1710664995313 0.10603342950344086 4
1710665000877 0.0952528789639473 5
1710665006102 0.08668873459100723 6
1710665011301 0.07847984880208969 7
1710665016701 0.073341004550457 8
1710665021915 0.06868097186088562 9
1710665027381 0.0634513646364212 10
1710665032754 0.06204850599169731 11
1710665037854 0.059034015983343124 12
1710665042774 0.05604557320475578 13
1710665047827 0.051239050924777985 14
