1710670397626 0.8945000171661377 0
1710670405927 0.940666675567627 1
1710670414516 0.9511833190917969 2
1710670423589 0.957099974155426 3
1710670432183 0.9628166556358337 4
1710670442780 0.9642833471298218 5
1710670452029 0.9688666462898254 6
1710670461677 0.970216691493988 7
1710670470379 0.971666693687439 8
1710670479545 0.9734333157539368 9
1710670488579 0.9745500087738037 10
1710670497362 0.9750000238418579 11
1710670505672 0.9777166843414307 12
1710670514418 0.9781000018119812 13
1710670523494 0.9787999987602234 14
