1710670397626 0.3540266156196594 0
1710670405927 0.20128726959228516 1
1710670414516 0.16198939085006714 2
1710670423589 0.14007459580898285 3
1710670432183 0.12547680735588074 4
1710670442780 0.11585692316293716 5
1710670452029 0.1051609218120575 6
1710670461677 0.09807750582695007 7
1710670470379 0.09520955383777618 8
1710670479545 0.08654480427503586 9
1710670488579 0.08436810225248337 10
1710670497362 0.07899551093578339 11
1710670505672 0.07455702126026154 12
1710670514418 0.0739060789346695 13
1710670523494 0.06926250457763672 14
