1710664108443 0.8278666734695435 0
1710664112874 0.9028499722480774 1
1710664117555 0.9169833064079285 2
1710664122160 0.923466682434082 3
1710664126662 0.9284666776657104 4
1710664131486 0.9316333532333374 5
1710664136298 0.9341833591461182 6
1710664140815 0.9363333582878113 7
1710664145659 0.9382666945457458 8
1710664150479 0.938966691493988 9
1710664155178 0.9410499930381775 10
1710664159789 0.9430500268936157 11
1710664164436 0.9430833458900452 12
1710664169155 0.9446166753768921 13
1710664173826 0.9440000057220459 14
