1710664108443 0.5630530118942261 0
1710664112874 0.327890008687973 1
1710664117555 0.2826291024684906 2
1710664122160 0.2566799819469452 3
1710664126662 0.24005641043186188 4
1710664131486 0.22793720662593842 5
1710664136298 0.21739868819713593 6
1710664140815 0.21093399822711945 7
1710664145659 0.2051711082458496 8
1710664150479 0.20328368246555328 9
1710664155178 0.1959093064069748 10
1710664159789 0.1914156675338745 11
1710664164436 0.1863149255514145 12
1710664169155 0.18327391147613525 13
1710664173826 0.18343231081962585 14
