1710666279532 0.7967000007629395 0
1710666286637 0.8994500041007996 1
1710666292862 0.9126833081245422 2
1710666299371 0.9192000031471252 3
1710666305534 0.9246333241462708 4
1710666311880 0.9275000095367432 5
1710666318246 0.9318166375160217 6
1710666324408 0.9330833554267883 7
1710666330616 0.9355833530426025 8
1710666337071 0.9379333257675171 9
1710666343236 0.937583327293396 10
1710666349367 0.9395833611488342 11
1710666356390 0.9404666423797607 12
1710666363115 0.942550003528595 13
1710666369935 0.9430833458900452 14
