1710666279532 0.6500605344772339 0
1710666286637 0.36184942722320557 1
1710666292862 0.3147347867488861 2
1710666299371 0.2868289053440094 3
1710666305534 0.27134814858436584 4
1710666311880 0.25843346118927 5
1710666318246 0.24572555720806122 6
1710666324408 0.2351800948381424 7
1710666330616 0.23141896724700928 8
1710666337071 0.22266052663326263 9
1710666343236 0.21976147592067719 10
1710666349367 0.21487261354923248 11
1710666356390 0.21142400801181793 12
1710666363115 0.2033213973045349 13
1710666369935 0.20408640801906586 14
