1710665520637 0.6368499994277954 0
1710665525965 0.7772166728973389 1
1710665530924 0.8047500252723694 2
1710665535786 0.8167999982833862 3
1710665540536 0.8246166706085205 4
1710665545197 0.8290666937828064 5
1710665549564 0.8324833512306213 6
1710665554164 0.8360000252723694 7
1710665559365 0.8378833532333374 8
1710665564182 0.8397666811943054 9
1710665569168 0.8423166871070862 10
1710665573984 0.8433499932289124 11
1710665578856 0.841616690158844 12
1710665583601 0.8444333076477051 13
1710665588395 0.8484333157539368 14
