1710665520637 1.0555946826934814 0
1710665525965 0.7093740105628967 1
1710665530924 0.6388754844665527 2
1710665535786 0.607673168182373 3
1710665540536 0.5907905697822571 4
1710665545197 0.5737784504890442 5
1710665549564 0.5654805898666382 6
1710665554164 0.554505467414856 7
1710665559365 0.5508530735969543 8
1710665564182 0.550771176815033 9
1710665569168 0.5376927256584167 10
1710665573984 0.5346989631652832 11
1710665578856 0.5356645584106445 12
1710665583601 0.5303596258163452 13
1710665588395 0.521838903427124 14
