1710660104033 0.8896833062171936 0
1710660107761 0.9307166934013367 1
1710660111487 0.9409499764442444 2
1710660115349 0.9464499950408936 3
1710660119131 0.9500666856765747 4
1710660122912 0.9540333151817322 5
1710660126731 0.954883337020874 6
1710660130463 0.9567833542823792 7
1710660134260 0.9584166407585144 8
1710660137975 0.9604166746139526 9
1710660141746 0.9613333344459534 10
1710660145510 0.9617666602134705 11
1710660149280 0.963616669178009 12
1710660153096 0.9641000032424927 13
1710660156843 0.9638333320617676 14
