1710660104033 0.396669864654541 0
1710660107761 0.2329736053943634 1
1710660111487 0.198006734251976 2
1710660115349 0.17787550389766693 3
1710660119131 0.1645175814628601 4
1710660122912 0.15270262956619263 5
1710660126731 0.14758211374282837 6
1710660130463 0.13889822363853455 7
1710660134260 0.13346794247627258 8
1710660137975 0.1273784041404724 9
1710660141746 0.12422764301300049 10
1710660145510 0.12176891416311264 11
1710660149280 0.11730668693780899 12
1710660153096 0.11554519087076187 13
1710660156843 0.11328532546758652 14
