1710669811478 0.8844333291053772 0
1710669819777 0.9462666511535645 1
1710669828221 0.9587000012397766 2
1710669836732 0.9630333185195923 3
1710669844663 0.9664333462715149 4
1710669852476 0.9701166749000549 5
1710669860617 0.9712499976158142 6
1710669869018 0.9735666513442993 7
1710669876882 0.9751499891281128 8
1710669884426 0.9761833548545837 9
1710669891588 0.9773333072662354 10
1710669899730 0.9779999852180481 11
1710669909286 0.9782166481018066 12
1710669918618 0.9800999760627747 13
1710669926934 0.9799500107765198 14
