1710669811478 0.37958213686943054 0
1710669819777 0.18692578375339508 1
1710669828221 0.14483152329921722 2
1710669836732 0.128644660115242 3
1710669844663 0.11481589823961258 4
1710669852476 0.10255645215511322 5
1710669860617 0.09675069153308868 6
1710669869018 0.0885990634560585 7
1710669876882 0.08430599421262741 8
1710669884426 0.08022254705429077 9
1710669891588 0.07572884857654572 10
1710669899730 0.07222090661525726 11
1710669909286 0.07205277681350708 12
1710669918618 0.06710171699523926 13
1710669926934 0.06671709567308426 14
