1710666492118 0.8779000043869019 0
1710666499219 0.9257833361625671 1
1710666505514 0.9372166395187378 2
1710666511047 0.9420833587646484 3
1710666517127 0.948199987411499 4
1710666523459 0.9497666954994202 5
1710666529417 0.9536499977111816 6
1710666535087 0.9549166560173035 7
1710666540585 0.9568833112716675 8
1710666546126 0.9586666822433472 9
1710666553503 0.9614499807357788 10
1710666560422 0.9596499800682068 11
1710666566130 0.9612166881561279 12
1710666571898 0.9617499709129333 13
1710666577094 0.9643499851226807 14
