1710666492118 0.4289805591106415 0
1710666499219 0.250996857881546 1
1710666505514 0.21502873301506042 2
1710666511047 0.19393174350261688 3
1710666517127 0.17805643379688263 4
1710666523459 0.16650596261024475 5
1710666529417 0.15452970564365387 6
1710666535087 0.14971797168254852 7
1710666540585 0.1447037011384964 8
1710666546126 0.1391090452671051 9
1710666553503 0.13289456069469452 10
1710666560422 0.13334903120994568 11
1710666566130 0.12768502533435822 12
1710666571898 0.12393815815448761 13
1710666577094 0.11906584352254868 14
