1710664795367 0.8779833316802979 0
1710664800263 0.9374833106994629 1
1710664805076 0.9465500116348267 2
1710664809990 0.95496666431427 3
1710664814783 0.9583166837692261 4
1710664819694 0.961899995803833 5
1710664824861 0.9633333086967468 6
1710664829607 0.96506667137146 7
1710664834728 0.9670000076293945 8
1710664839837 0.968666672706604 9
1710664845265 0.9708333611488342 10
1710664850587 0.9710000157356262 11
1710664855593 0.9715666770935059 12
1710664860532 0.9728000164031982 13
1710664865501 0.9724166393280029 14
