1710664795367 0.40066030621528625 0
1710664800263 0.2091311514377594 1
1710664805076 0.17454801499843597 2
1710664809990 0.14898183941841125 3
1710664814783 0.135483518242836 4
1710664819694 0.12337163090705872 5
1710664824861 0.1171654611825943 6
1710664829607 0.11216064542531967 7
1710664834728 0.10520139336585999 8
1710664839837 0.10082884132862091 9
1710664845265 0.09529987722635269 10
1710664850587 0.09187477082014084 11
1710664855593 0.0894915908575058 12
1710664860532 0.08459431678056717 13
1710664865501 0.0872807502746582 14
