1710663367115 0.781583309173584 0
1710663370831 0.8761500120162964 1
1710663374593 0.8888166546821594 2
1710663378254 0.8985999822616577 3
1710663382038 0.9036499857902527 4
1710663385827 0.9086333513259888 5
1710663389636 0.9106166958808899 6
1710663393500 0.9140999913215637 7
1710663397152 0.9149333238601685 8
1710663401031 0.9179333448410034 9
1710663404865 0.9192833304405212 10
1710663408913 0.9196333289146423 11
1710663412797 0.9212166666984558 12
1710663416587 0.9218500256538391 13
1710663420793 0.9243166446685791 14
