1710663367115 0.6906736493110657 0
1710663370831 0.40235772728919983 1
1710663374593 0.3627403676509857 2
1710663378254 0.3351289629936218 3
1710663382038 0.3162434995174408 4
1710663385827 0.3020398020744324 5
1710663389636 0.29202574491500854 6
1710663393500 0.28290262818336487 7
1710663397152 0.2758018374443054 8
1710663401031 0.2685076892375946 9
1710663404865 0.2652093470096588 10
1710663408913 0.2615645229816437 11
1710663412797 0.2560139298439026 12
1710663416587 0.253846675157547 13
1710663420793 0.2509879767894745 14
