1710666917479 0.8891000151634216 0
1710666923649 0.9485666751861572 1
1710666929304 0.9583166837692261 2
1710666935479 0.9638333320617676 3
1710666941717 0.9681833386421204 4
1710666948027 0.9701833128929138 5
1710666954766 0.97243332862854 6
1710666961331 0.974133312702179 7
1710666967880 0.9746833443641663 8
1710666973789 0.9763666391372681 9
1710666980055 0.9772833585739136 10
1710666986355 0.9783999919891357 11
1710666992681 0.9799333214759827 12
1710666999713 0.9813833236694336 13
1710667006747 0.9800666570663452 14
