1710666917479 0.36151716113090515 0
1710666923649 0.17194755375385284 1
1710666929304 0.1383739411830902 2
1710666935479 0.12024939805269241 3
1710666941717 0.10631779581308365 4
1710666948027 0.09818773716688156 5
1710666954766 0.09041351824998856 6
1710666961331 0.08427950739860535 7
1710666967880 0.08133410662412643 8
1710666973789 0.07453201711177826 9
1710666980055 0.0723889097571373 10
1710666986355 0.06801547855138779 11
1710666992681 0.06480669975280762 12
1710666999713 0.06131281331181526 13
1710667006747 0.06256567686796188 14
