1710659695136 0.8126166462898254 0
1710659698624 0.878250002861023 1
1710659702212 0.8883000016212463 2
1710659705842 0.8934166431427002 3
1710659709303 0.8957499861717224 4
1710659712696 0.8986333608627319 5
1710659716027 0.8996166586875916 6
1710659719358 0.9019333124160767 7
1710659722627 0.9032999873161316 8
1710659726023 0.9043833613395691 9
1710659729340 0.9057000279426575 10
1710659732709 0.9071499705314636 11
1710659736149 0.9079999923706055 12
1710659739500 0.9066333174705505 13
1710659742783 0.9083999991416931 14
