1710659695136 0.665509819984436 0
1710659698624 0.42125892639160156 1
1710659702212 0.38816961646080017 2
1710659705842 0.3686639070510864 3
1710659709303 0.35935288667678833 4
1710659712696 0.3502233922481537 5
1710659716027 0.3458600640296936 6
1710659719358 0.3389223515987396 7
1710659722627 0.3344150483608246 8
1710659726023 0.3299309015274048 9
1710659729340 0.3272973299026489 10
1710659732709 0.3231300115585327 11
1710659736149 0.3176135718822479 12
1710659739500 0.32050615549087524 13
1710659742783 0.3150143027305603 14
