1710660549825 0.8770333528518677 0
1710660554153 0.9375 1
1710660558384 0.949150025844574 2
1710660562804 0.9559500217437744 3
1710660567126 0.9589166641235352 4
1710660571489 0.9631666541099548 5
1710660576636 0.9646833539009094 6
1710660581580 0.9662833213806152 7
1710660585932 0.9676499962806702 8
1710660590090 0.9692999720573425 9
1710660594229 0.9689666628837585 10
1710660598428 0.9713000059127808 11
1710660602517 0.9714333415031433 12
1710660606815 0.9720500111579895 13
1710660611088 0.9745833277702332 14
