1710660549825 0.4073978662490845 0
1710660554153 0.20870086550712585 1
1710660558384 0.16808520257472992 2
1710660562804 0.14616626501083374 3
1710660567126 0.13430927693843842 4
1710660571489 0.12242937088012695 5
1710660576636 0.114220030605793 6
1710660581580 0.10639109462499619 7
1710660585932 0.10364309698343277 8
1710660590090 0.09582073241472244 9
1710660594229 0.09747246652841568 10
1710660598428 0.09210842847824097 11
1710660602517 0.08947774022817612 12
1710660606815 0.08697878569364548 13
1710660611088 0.0804264023900032 14
