1710663948487 0.8623666763305664 0
1710663952904 0.9297000169754028 1
1710663957286 0.9398333430290222 2
1710663961573 0.9467166662216187 3
1710663966157 0.9498833417892456 4
1710663970491 0.9525166749954224 5
1710663975107 0.9541166424751282 6
1710663979919 0.9562166929244995 7
1710663984403 0.9568166732788086 8
1710663988936 0.9582499861717224 9
1710663993558 0.9612666964530945 10
1710663997898 0.9610666632652283 11
1710664002351 0.9621666669845581 12
1710664006715 0.9630333185195923 13
1710664011536 0.962933361530304 14
