1710663948487 0.45108821988105774 0
1710663952904 0.23647336661815643 1
1710663957286 0.19863562285900116 2
1710663961573 0.17636904120445251 3
1710663966157 0.16319087147712708 4
1710663970491 0.15230995416641235 5
1710663975107 0.14787143468856812 6
1710663979919 0.14114472270011902 7
1710663984403 0.13723501563072205 8
1710663988936 0.13160543143749237 9
1710663993558 0.1251763254404068 10
1710663997898 0.12357861548662186 11
1710664002351 0.11953116953372955 12
1710664006715 0.11769900470972061 13
1710664011536 0.11700151115655899 14
