1710659433569 0.7130166888237 0
1710659437310 0.8286833167076111 1
1710659440704 0.8464666604995728 2
1710659444176 0.8554499745368958 3
1710659447628 0.8604166507720947 4
1710659451039 0.8650333285331726 5
1710659454440 0.8671500086784363 6
1710659460185 0.870116651058197 7
1710659463637 0.8722000122070312 8
1710659467077 0.8728333115577698 9
1710659470435 0.8744000196456909 10
1710659473997 0.8759333491325378 11
1710659477456 0.8766499757766724 12
1710659480944 0.878250002861023 13
1710659484309 0.8802833557128906 14
