1710659433569 0.8706937432289124 0
1710659437310 0.5527944564819336 1
1710659440704 0.5014476776123047 2
1710659444176 0.4764958620071411 3
1710659447628 0.4574654996395111 4
1710659451039 0.4442293345928192 5
1710659454440 0.43711987137794495 6
1710659460185 0.42683544754981995 7
1710659463637 0.419507771730423 8
1710659467077 0.4149535596370697 9
1710659470435 0.4120987355709076 10
1710659473997 0.4094618856906891 11
1710659477456 0.4043653905391693 12
1710659480944 0.4029773473739624 13
1710659484309 0.39374834299087524 14
