1710667599987 0.8806833624839783 0
1710667606503 0.9256666898727417 1
1710667612790 0.9381499886512756 2
1710667619618 0.9455500245094299 3
1710667626372 0.950083315372467 4
1710667632715 0.953166663646698 5
1710667639334 0.9564499855041504 6
1710667646071 0.9592999815940857 7
1710667652691 0.9618499875068665 8
1710667659271 0.9610333442687988 9
1710667666159 0.9639999866485596 10
1710667673218 0.9642666578292847 11
1710667679684 0.9656999707221985 12
1710667686204 0.9661833047866821 13
1710667692713 0.9674500226974487 14
