1710667599987 0.40218788385391235 0
1710667606503 0.25276926159858704 1
1710667612790 0.21091440320014954 2
1710667619618 0.18287858366966248 3
1710667626372 0.16756144165992737 4
1710667632715 0.1578386127948761 5
1710667639334 0.14475877583026886 6
1710667646071 0.13810333609580994 7
1710667652691 0.12872301042079926 8
1710667659271 0.12718696892261505 9
1710667666159 0.12056615948677063 10
1710667673218 0.1199943944811821 11
1710667679684 0.11246559023857117 12
1710667686204 0.11142135411500931 13
1710667692713 0.10625950992107391 14
