1710666702210 0.8497666716575623 0
1710666708624 0.9028333425521851 1
1710666714815 0.9139500260353088 2
1710666721157 0.9215499758720398 3
1710666727542 0.9273166656494141 4
1710666733852 0.9305166602134705 5
1710666739715 0.9336333274841309 6
1710666745312 0.9357333183288574 7
1710666751013 0.9369833469390869 8
1710666756448 0.9399499893188477 9
1710666762093 0.942216694355011 10
1710666769438 0.941516637802124 11
1710666776869 0.9420499801635742 12
1710666782819 0.9440333247184753 13
1710666788571 0.9433000087738037 14
