1710666702210 0.514521062374115 0
1710666708624 0.3334248960018158 1
1710666714815 0.29829680919647217 2
1710666721157 0.27373838424682617 3
1710666727542 0.2552300691604614 4
1710666733852 0.24212080240249634 5
1710666739715 0.22958515584468842 6
1710666745312 0.223854199051857 7
1710666751013 0.214067742228508 8
1710666756448 0.21044549345970154 9
1710666762093 0.2020563781261444 10
1710666769438 0.20044687390327454 11
1710666776869 0.1998765468597412 12
1710666782819 0.1933029145002365 13
1710666788571 0.1913129985332489 14
