1710668473243 0.7004166841506958 0
1710668479683 0.810533344745636 1
1710668486365 0.8421000242233276 2
1710668492214 0.8563166856765747 3
1710668498625 0.8657666444778442 4
1710668504831 0.8695166707038879 5
1710668511627 0.871833324432373 6
1710668517533 0.8758666515350342 7
1710668523603 0.878000020980835 8
1710668529643 0.880466639995575 9
1710668535399 0.881766676902771 10
1710668540995 0.8844666481018066 11
1710668546648 0.8844333291053772 12
1710668552909 0.8849166631698608 13
1710668559651 0.8882166743278503 14
