1710668473243 0.9387509226799011 0
1710668479683 0.6465703845024109 1
1710668486365 0.5661835670471191 2
1710668492214 0.5197207927703857 3
1710668498625 0.49141401052474976 4
1710668504831 0.47819504141807556 5
1710668511627 0.46924999356269836 6
1710668517533 0.458400696516037 7
1710668523603 0.45186594128608704 8
1710668529643 0.44368162751197815 9
1710668535399 0.43954023718833923 10
1710668540995 0.43021464347839355 11
1710668546648 0.43039947748184204 12
1710668552909 0.42549240589141846 13
1710668559651 0.4194510877132416 14
