1710669255286 0.870983362197876 0
1710669263926 0.9239500164985657 1
1710669272667 0.932616651058197 2
1710669281091 0.9414666891098022 3
1710669289796 0.9438999891281128 4
1710669298416 0.9478999972343445 5
1710669307465 0.9509999752044678 6
1710669316126 0.9538666605949402 7
1710669324409 0.9542499780654907 8
1710669332517 0.9555166959762573 9
1710669340349 0.9568333625793457 10
1710669348401 0.9585166573524475 11
1710669356750 0.9605000019073486 12
1710669365045 0.9602000117301941 13
1710669373713 0.9607499837875366 14
