1710669255286 0.4511846899986267 0
1710669263926 0.26263323426246643 1
1710669272667 0.22814224660396576 2
1710669281091 0.20282824337482452 3
1710669289796 0.18991772830486298 4
1710669298416 0.17871089279651642 5
1710669307465 0.16799364984035492 6
1710669316126 0.15888413786888123 7
1710669324409 0.15653708577156067 8
1710669332517 0.1517779678106308 9
1710669340349 0.14723847806453705 10
1710669348401 0.14180664718151093 11
1710669356750 0.1369718760251999 12
1710669365045 0.13714303076267242 13
1710669373713 0.13337677717208862 14
