1710668253627 0.8181833624839783 0
1710668260156 0.887416660785675 1
1710668266692 0.8980833292007446 2
1710668273106 0.9059666395187378 3
1710668279609 0.9098333120346069 4
1710668286104 0.9143166542053223 5
1710668292068 0.9169999957084656 6
1710668297975 0.9177833199501038 7
1710668304051 0.9213500022888184 8
1710668309748 0.9233999848365784 9
1710668315955 0.9249500036239624 10
1710668322061 0.925683319568634 11
1710668328907 0.9263166785240173 12
1710668334737 0.9277166724205017 13
1710668340138 0.9280333518981934 14
