1710668253627 0.655644416809082 0
1710668260156 0.40159252285957336 1
1710668266692 0.36325302720069885 2
1710668273106 0.3345787525177002 3
1710668279609 0.31806570291519165 4
1710668286104 0.30515074729919434 5
1710668292068 0.2977798879146576 6
1710668297975 0.2882411479949951 7
1710668304051 0.2816008925437927 8
1710668309748 0.273001492023468 9
1710668315955 0.26789215207099915 10
1710668322061 0.26575982570648193 11
1710668328907 0.2626769542694092 12
1710668334737 0.257331907749176 13
1710668340138 0.2537328004837036 14
