1710659565651 0.8413833379745483 0
1710659568997 0.9016500115394592 1
1710659572263 0.9120166897773743 2
1710659575522 0.9157333374023438 3
1710659578860 0.9203833341598511 4
1710659582281 0.921916663646698 5
1710659585682 0.9245333075523376 6
1710659589107 0.9284666776657104 7
1710659592394 0.9280833601951599 8
1710659595681 0.9294999837875366 9
1710659598951 0.932200014591217 10
1710659602338 0.9323166608810425 11
1710659605670 0.9323999881744385 12
1710659609002 0.933566689491272 13
1710659612544 0.9339333176612854 14
