1710659565651 0.5787014365196228 0
1710659568997 0.33519986271858215 1
1710659572263 0.30087700486183167 2
1710659575522 0.28286194801330566 3
1710659578860 0.26809439063072205 4
1710659582281 0.26058652997016907 5
1710659585682 0.2528096139431 6
1710659589107 0.2417374700307846 7
1710659592394 0.23836292326450348 8
1710659595681 0.23393145203590393 9
1710659598951 0.22823387384414673 10
1710659602338 0.22568579018115997 11
1710659605670 0.22330643236637115 12
1710659609002 0.2199057936668396 13
1710659612544 0.21794262528419495 14
