1710664451154 0.8671166896820068 0
1710664455989 0.911633312702179 1
1710664460812 0.9213833212852478 2
1710664465470 0.9270333051681519 3
1710664470812 0.9312499761581421 4
1710664475746 0.9350000023841858 5
1710664480875 0.9380333423614502 6
1710664485765 0.9409166574478149 7
1710664490778 0.942966639995575 8
1710664495748 0.9441499710083008 9
1710664500648 0.9451333284378052 10
1710664506263 0.9465500116348267 11
1710664511582 0.9482499957084656 12
1710664516553 0.9477499723434448 13
1710664521521 0.9482499957084656 14
