1710664451154 0.46787044405937195 0
1710664455989 0.30105477571487427 1
1710664460812 0.26710909605026245 2
1710664465470 0.24681098759174347 3
1710664470812 0.2315402328968048 4
1710664475746 0.2163064330816269 5
1710664480875 0.20977932214736938 6
1710664485765 0.20102213323116302 7
1710664490778 0.189364954829216 8
1710664495748 0.1865430325269699 9
1710664500648 0.18286573886871338 10
1710664506263 0.18049266934394836 11
1710664511582 0.17301836609840393 12
1710664516553 0.17192025482654572 13
1710664521521 0.16967244446277618 14
