1710667142425 0.8586833477020264 0
1710667149057 0.9321666955947876 1
1710667155585 0.9440000057220459 2
1710667162310 0.9523333311080933 3
1710667168948 0.9559000134468079 4
1710667175141 0.958133339881897 5
1710667181600 0.9612666964530945 6
1710667187777 0.9629166722297668 7
1710667193907 0.9639833569526672 8
1710667201042 0.966616690158844 9
1710667208021 0.9670666456222534 10
1710667214600 0.9691666960716248 11
1710667221092 0.970216691493988 12
1710667228026 0.9704333543777466 13
1710667234929 0.9715999960899353 14
