1710667142425 0.46346914768218994 0
1710667149057 0.2348059117794037 1
1710667155585 0.192501038312912 2
1710667162310 0.164089173078537 3
1710667168948 0.15063968300819397 4
1710667175141 0.14020822942256927 5
1710667181600 0.13180509209632874 6
1710667187777 0.12489577382802963 7
1710667193907 0.1196189895272255 8
1710667201042 0.11609480530023575 9
1710667208021 0.10877858102321625 10
1710667214600 0.10640080273151398 11
1710667221092 0.10063710063695908 12
1710667228026 0.09843097627162933 13
1710667234929 0.09634021669626236 14
