1710667812681 0.7007833123207092 0
1710667819254 0.8542333245277405 1
1710667825700 0.8745999932289124 2
1710667832194 0.8849499821662903 3
1710667838613 0.8907666802406311 4
1710667844910 0.896233320236206 5
1710667851880 0.8980000019073486 6
1710667858562 0.9009333252906799 7
1710667865015 0.9034333229064941 8
1710667871538 0.904783308506012 9
1710667877885 0.9057333469390869 10
1710667884473 0.9059500098228455 11
1710667890887 0.9076499938964844 12
1710667897119 0.9074833393096924 13
1710667903281 0.9077000021934509 14
