1710667812681 0.895663321018219 0
1710667819254 0.5080555081367493 1
1710667825700 0.4468576908111572 2
1710667832194 0.4130721986293793 3
1710667838613 0.39079251885414124 4
1710667844910 0.37575897574424744 5
1710667851880 0.364126056432724 6
1710667858562 0.3552459180355072 7
1710667865015 0.3433154225349426 8
1710667871538 0.34252187609672546 9
1710667877885 0.3338232636451721 10
1710667884473 0.33319875597953796 11
1710667890887 0.3303622901439667 12
1710667897119 0.3279018700122833 13
1710667903281 0.3226228654384613 14
