1710659305516 0.7757333517074585 0
1710659308821 0.870983362197876 1
1710659312158 0.8860666751861572 2
1710659315428 0.8942333459854126 3
1710659318962 0.8980500102043152 4
1710659322266 0.9051833152770996 5
1710659325525 0.9081500172615051 6
1710659328782 0.9123333096504211 7
1710659332008 0.9136833548545837 8
1710659335268 0.9152500033378601 9
1710659338646 0.9156833291053772 10
1710659341986 0.916700005531311 11
1710659345234 0.9187166690826416 12
1710659348465 0.9204999804496765 13
1710659351730 0.9194333553314209 14
