1710659305516 0.6932137608528137 0
1710659308821 0.41555216908454895 1
1710659312158 0.3658375144004822 2
1710659315428 0.34009045362472534 3
1710659318962 0.32530567049980164 4
1710659322266 0.30932819843292236 5
1710659325525 0.29754650592803955 6
1710659328782 0.28848233819007874 7
1710659332008 0.28491532802581787 8
1710659335268 0.2782900333404541 9
1710659338646 0.2766200006008148 10
1710659341986 0.2719305455684662 11
1710659345234 0.26934051513671875 12
1710659348465 0.26136890053749084 13
1710659351730 0.2652502954006195 14
