1710665344339 0.7244166731834412 0
1710665349479 0.8556666374206543 1
1710665354651 0.8775333166122437 2
1710665359968 0.8866333365440369 3
1710665365334 0.8931833505630493 4
1710665370752 0.8970333337783813 5
1710665375509 0.9009000062942505 6
1710665380398 0.9035833477973938 7
1710665385108 0.9038166403770447 8
1710665389721 0.9082000255584717 9
1710665394453 0.9077833294868469 10
1710665399397 0.9116166830062866 11
1710665404787 0.9103500247001648 12
1710665410261 0.9114833474159241 13
1710665414990 0.9147666692733765 14
