1710665344339 0.8398513197898865 0
1710665349479 0.47562384605407715 1
1710665354651 0.4093685746192932 2
1710665359968 0.3800298571586609 3
1710665365334 0.36328238248825073 4
1710665370752 0.34941357374191284 5
1710665375509 0.33639106154441833 6
1710665380398 0.33169472217559814 7
1710665385108 0.3264954388141632 8
1710665389721 0.31604892015457153 9
1710665394453 0.3089640736579895 10
1710665399397 0.3032255470752716 11
1710665404787 0.3010135293006897 12
1710665410261 0.29856592416763306 13
1710665414990 0.2942105531692505 14
