1710670104172 0.8480666875839233 0
1710670113882 0.9289833307266235 1
1710670123368 0.943149983882904 2
1710670132851 0.9488499760627747 3
1710670142405 0.9549000263214111 4
1710670151949 0.9576500058174133 5
1710670160801 0.9605000019073486 6
1710670170133 0.9619166851043701 7
1710670179026 0.9625166654586792 8
1710670187973 0.9648333191871643 9
1710670197318 0.9663000106811523 10
1710670206341 0.9663166403770447 11
1710670215977 0.9669666886329651 12
1710670224947 0.9689499735832214 13
1710670232702 0.9706000089645386 14
