1710670104172 0.5006811022758484 0
1710670113882 0.2538996934890747 1
1710670123368 0.20343777537345886 2
1710670132851 0.18142643570899963 3
1710670142405 0.1616756170988083 4
1710670151949 0.1497139185667038 5
1710670160801 0.1424822360277176 6
1710670170133 0.13508082926273346 7
1710670179026 0.13048268854618073 8
1710670187973 0.12356368452310562 9
1710670197318 0.12006852775812149 10
1710670206341 0.11794224381446838 11
1710670215977 0.11556277424097061 12
1710670224947 0.111069455742836 13
1710670232702 0.10678908228874207 14
