1710660243307 0.8646666407585144 0
1710660246963 0.9136499762535095 1
1710660250891 0.9256166815757751 2
1710660254557 0.9317833185195923 3
1710660258218 0.9339500069618225 4
1710660261941 0.9381499886512756 5
1710660265651 0.94118332862854 6
1710660269274 0.9405166506767273 7
1710660272923 0.9443833231925964 8
1710660276589 0.9442999958992004 9
1710660280277 0.9466333389282227 10
1710660283875 0.9462500214576721 11
1710660287491 0.9476666450500488 12
1710660291285 0.9494333267211914 13
1710660295066 0.9500499963760376 14
