1710660243307 0.47489774227142334 0
1710660246963 0.2962726056575775 1
1710660250891 0.25540411472320557 2
1710660254557 0.23350940644741058 3
1710660258218 0.21968974173069 4
1710660261941 0.2101481407880783 5
1710660265651 0.19831925630569458 6
1710660269274 0.19537492096424103 7
1710660272923 0.1883469671010971 8
1710660276589 0.18399202823638916 9
1710660280277 0.17916670441627502 10
1710660283875 0.1755637377500534 11
1710660287491 0.1742679327726364 12
1710660291285 0.16758546233177185 13
1710660295066 0.1644611358642578 14
