1710668715429 0.8255000114440918 0
1710668722568 0.9174333214759827 1
1710668729755 0.9315166473388672 2
1710668737267 0.9389833211898804 3
1710668744388 0.9433000087738037 4
1710668751179 0.9465333223342896 5
1710668759763 0.9494500160217285 6
1710668767259 0.9509833455085754 7
1710668773581 0.9534333348274231 8
1710668780231 0.9549833536148071 9
1710668788348 0.9557666778564453 10
1710668796622 0.9571999907493591 11
1710668804873 0.958549976348877 12
1710668812400 0.9588666558265686 13
1710668820118 0.9595666527748108 14
