1710668715429 0.5577305555343628 0
1710668722568 0.2904207706451416 1
1710668729755 0.24253252148628235 2
1710668737267 0.2147185504436493 3
1710668744388 0.1989447921514511 4
1710668751179 0.1872578114271164 5
1710668759763 0.1789400726556778 6
1710668767259 0.16861839592456818 7
1710668773581 0.16240951418876648 8
1710668780231 0.15817949175834656 9
1710668788348 0.15288472175598145 10
1710668796622 0.14824922382831573 11
1710668804873 0.14301848411560059 12
1710668812400 0.14019513130187988 13
1710668820118 0.13996295630931854 14
